9.28106
9.03177
9.03177
8.3286
0
8.3286
0.210003
7.52892
0.210003
7.52892
0.464019
0.381966
0.464019
7.34893
0.82259
7.34893
0.727129
0.838991
0.727129
0.838991
1.32345
6.84489
6.89761
6.84489
1.38197
5.75063
5.85577
6.14915
1.52358
1.52358
6.29401
6.29401
6.0716
6.10907
6.10907
6.0716
1.58579
5.97297
5.97297
1.69809
1.69809
6.30278
6.30278
5.48909
5.21175
5.17847
5.21175
5.17847
2.06764
2.06802
2.06764
2.06802
5.00928
5.00928
2.49571
4.83255
4.83255
4.71447
4.71447
3.32164
2.46256
2.63853
2.63853
2.61803
2.57733
2.57733
2.58442
2.58442
2.8508
2.8508
3.1083
3.1083
3.1789
3.22036
3.1789
3.22036
3.61803
4.15074
4.29265
4.29265
4.39847
4.39847
4.41641
4.41641
4.41421
3.93326
3.93326
3.87196
3.85383
3.87196
3.85383
4
2.69722
4
2.69722
4
