0
0.210003
0.210003
0.381966
0.464019
0.464019
0.727129
0.727129
0.82259
0.838991
0.838991
1.32345
1.38197
1.52358
1.52358
1.58579
1.69809
1.69809
2.06764
2.06764
2.06802
2.06802
2.46256
2.49571
2.57733
2.57733
2.58442
2.58442
2.61803
2.63853
2.63853
2.69722
2.69722
2.8508
2.8508
3.1083
3.1083
3.1789
3.1789
3.22036
3.22036
3.32164
3.61803
3.85383
3.85383
3.87196
3.87196
3.93326
3.93326
4
4
4
4.15074
4.29265
4.29265
4.39847
4.39847
4.41421
4.41641
4.41641
4.71447
4.71447
4.83255
4.83255
5.00928
5.00928
5.17847
5.17847
5.21175
5.21175
5.48909
5.75063
5.85577
5.97297
5.97297
6.0716
6.0716
6.10907
6.10907
6.14915
6.29401
6.29401
6.30278
6.30278
6.84489
6.84489
6.89761
7.34893
7.34893
7.52892
7.52892
8.3286
8.3286
9.03177
9.03177
9.28106
