-4.40731
-4.152
4.40731
-4.152
-3.2783
4.152
4.152
-3.43847
-3.43847
3.2783
-3.05858
3.43847
-3.05858
3.43847
3.05858
3.05858
-2.63645
-2.63645
2.63645
2.63645
-2.09527
2.09527
-2.09527
-1.9907
-1.9907
-1.96331
-1.96331
-1.54118
-1.3362
-1.54118
1.3362
2.09527
1.9907
1.96331
1.9907
1.96331
-1.16129
-1.16129
-1
-1
-0.895436
-0.895436
1.54118
1.16129
1.54118
1.16129
0.207188
1
1
0.895436
0.895436
-0.207188
0.620113
0.620113
0.447766
0.447766
0.515549
0.515549
0.0934155
0.0934155
0.19798
-0.0934155
0.19798
-0.0934155
-0.19798
-0.620113
-0.19798
-0.620113
-0.447766
-0.447766
-0.515549
-0.515549
-2.30725
-2.30725
2.30725
2.30725
-2.30725
-2.30725
2.30725
2.30725
-1.53555
1.53555
-1.53555
1.53555
-1.53555
1.53555
-1.53555
1.53555
0.564508
-0.564508
0.564508
-0.564508
-0.564508
0.564508
0.564508
-0.564508
